0 43
0 229
0 414
0 818
0 844
0 928
1 25
1 448
1 456
1 645
1 814
1 870
2 183
2 373
2 721
2 752
2 863
2 907
3 53
3 447
3 577
3 652
3 674
3 747
4 79
4 403
4 538
4 597
5 89
5 690
5 725
5 754
5 795
5 859
6 130
6 243
6 330
6 358
6 452
6 666
7 50
7 217
7 296
7 427
7 537
7 851
8 30
8 303
8 490
8 499
8 694
8 797
9 417
9 644
9 680
9 923
10 118
10 320
10 557
10 648
10 828
10 875
11 375
11 406
11 428
11 436
11 581
11 663
12 160
12 182
12 409
12 570
12 839
12 862
13 122
13 286
13 313
13 407
13 626
13 720
14 18
14 42
14 433
14 623
14 812
14 887
15 46
15 476
15 585
15 661
15 843
15 857
16 64
16 70
16 489
16 707
16 759
16 781
17 100
17 234
17 347
17 553
17 627
17 722
18 133
18 623
18 885
18 887
18 924
19 62
19 277
19 682
19 687
19 810
19 933
20 40
20 42
20 244
20 589
20 603
20 812
21 157
21 173
21 302
21 544
21 684
21 822
22 25
22 54
22 525
22 582
22 610
22 611
23 86
23 424
23 606
23 692
23 731
23 897
24 264
24 547
24 635
24 730
24 817
24 876
25 448
25 456
25 582
25 610
26 269
26 275
26 584
26 775
26 776
26 891
27 206
27 398
27 784
27 842
27 926
27 934
28 55
28 149
28 168
28 476
28 661
28 700
29 113
29 178
29 194
29 607
30 170
30 490
30 491
30 499
30 637
31 255
31 348
31 497
31 719
31 732
31 808
32 85
32 277
32 432
32 483
32 519
32 804
33 80
33 187
33 304
33 487
33 516
33 545
34 103
34 516
34 646
34 711
34 724
34 762
35 219
35 351
35 473
35 522
35 850
35 935
36 60
36 332
36 384
36 397
36 853
36 855
37 57
37 90
37 709
37 764
38 396
38 549
38 612
38 766
38 823
38 880
39 337
39 495
39 714
39 793
39 873
39 892
40 244
40 324
40 427
40 603
40 932
41 510
41 656
41 735
41 749
41 752
41 777
42 433
42 589
42 812
42 852
43 147
43 315
43 517
43 818
43 928
44 126
44 350
44 500
44 583
45 309
45 321
45 413
45 628
45 651
45 678
46 455
46 661
46 791
46 794
46 843
47 100
47 234
47 467
47 468
47 554
47 901
48 138
48 438
48 622
48 698
48 783
48 806
49 92
49 284
49 718
49 758
49 762
49 864
50 296
50 297
50 754
50 851
50 859
51 96
51 143
51 179
51 381
51 713
51 825
52 104
52 199
52 388
52 525
52 611
52 914
53 253
53 495
53 577
53 674
53 836
54 271
54 317
54 459
54 582
54 611
55 149
55 168
55 774
55 865
55 916
56 91
56 244
56 351
56 442
56 589
56 850
57 73
57 420
57 764
58 159
58 365
58 380
58 540
58 665
58 688
59 364
59 547
59 721
59 735
59 817
59 883
60 239
60 384
60 534
60 555
60 855
61 171
61 202
61 218
61 257
61 312
61 868
62 259
62 383
62 430
62 687
62 933
63 74
63 290
63 296
63 324
63 725
63 754
64 707
64 759
64 878
65 96
65 477
65 703
65 713
65 819
65 895
66 261
66 328
66 371
66 624
66 780
66 801
67 550
67 600
67 643
67 816
67 846
67 919
68 231
68 266
68 437
68 790
69 136
69 145
69 383
69 519
69 831
69 933
70 111
70 295
70 489
70 599
70 759
71 161
71 210
71 353
71 771
71 830
71 913
72 90
72 212
72 510
72 749
72 757
72 763
73 420
73 775
73 776
74 290
74 324
74 333
74 604
74 932
75 205
75 342
75 517
75 640
75 798
75 818
76 270
76 404
76 408
76 761
77 271
77 282
77 317
77 511
77 526
77 872
78 230
78 389
78 419
78 512
78 614
78 909
79 216
79 538
79 860
80 134
80 187
80 219
80 304
80 572
81 502
81 558
81 588
81 601
81 719
81 739
82 160
82 182
82 401
82 402
82 531
82 575
83 130
83 370
83 387
83 760
83 889
83 899
84 455
84 486
84 496
84 499
84 637
84 794
85 152
85 432
85 673
85 799
85 804
86 278
86 424
86 606
87 135
87 306
87 830
87 900
88 149
88 261
88 562
88 591
88 774
88 780
89 180
89 690
89 795
90 709
90 749
90 763
90 764
91 244
91 442
91 604
91 738
91 932
92 221
92 249
92 724
92 762
92 864
93 126
93 331
93 466
93 532
93 718
93 758
94 110
94 151
94 389
94 464
94 672
94 736
95 319
95 552
95 586
95 741
96 143
96 713
96 819
96 835
97 104
97 222
97 459
97 618
97 750
97 881
98 127
98 166
98 207
98 360
99 174
99 416
99 430
99 632
99 778
99 907
100 234
100 237
100 554
100 627
101 260
101 268
101 562
101 570
101 800
101 862
102 349
102 412
102 513
102 605
103 487
103 516
103 646
103 738
103 803
104 459
104 611
104 881
104 914
105 469
105 580
105 633
105 744
105 882
105 909
106 112
106 119
106 129
106 701
107 258
107 305
107 425
107 578
107 693
107 874
108 265
108 387
108 472
108 478
108 629
108 760
109 137
109 156
109 494
109 543
109 568
109 929
110 151
110 420
110 736
110 763
110 764
111 223
111 295
111 392
111 489
111 571
112 119
112 129
112 142
112 299
112 613
113 178
113 194
113 641
113 689
113 927
114 141
114 162
114 190
114 475
114 488
114 779
115 314
115 391
115 501
115 630
115 888
115 931
116 236
116 581
116 663
116 669
117 157
117 569
117 591
117 774
117 865
117 918
118 362
118 556
118 733
118 828
118 875
119 200
119 209
119 299
120 128
120 144
120 239
120 820
120 884
120 893
121 431
121 477
121 494
121 518
121 841
121 895
122 235
122 313
122 541
122 710
122 720
123 129
123 131
123 309
123 678
123 701
123 751
124 135
124 286
124 605
124 626
125 311
125 673
125 861
125 867
126 331
126 466
126 500
126 583
127 166
127 181
127 207
127 446
127 474
128 355
128 548
128 767
128 884
128 893
129 613
129 678
129 701
130 243
130 330
130 370
130 899
131 664
131 701
131 751
132 175
132 418
132 441
132 625
132 708
132 806
133 381
133 450
133 623
133 825
133 885
134 200
134 219
134 299
134 473
134 572
135 626
135 900
136 145
136 345
136 383
136 492
136 832
137 156
137 208
137 543
137 655
137 879
138 402
138 575
138 660
138 698
138 783
139 148
139 224
139 247
139 530
139 729
139 877
140 199
140 374
140 388
140 435
140 649
140 677
141 300
141 399
141 488
141 779
141 786
142 169
142 188
142 299
142 572
142 613
143 165
143 274
143 825
143 835
144 239
144 416
144 534
144 820
144 863
145 266
145 345
145 595
145 831
146 194
146 209
146 283
146 689
147 315
147 480
147 768
147 838
147 928
148 254
148 256
148 341
148 729
148 877
149 700
149 774
149 780
150 245
150 339
150 429
150 465
150 566
150 826
151 212
151 355
151 464
151 763
152 231
152 790
152 799
152 804
152 866
153 246
153 318
153 336
153 458
153 765
153 872
154 270
154 279
154 285
154 426
155 257
155 292
155 365
155 380
155 593
155 667
156 208
156 523
156 568
156 833
157 173
157 569
157 822
157 918
158 190
158 475
158 910
158 912
159 365
159 509
159 665
159 737
159 807
160 182
160 307
160 402
160 570
161 330
161 353
161 551
161 771
161 899
162 190
162 254
162 488
162 631
162 773
163 507
163 551
163 576
163 889
164 308
164 386
164 597
164 685
164 849
164 921
165 214
165 274
165 594
165 825
165 885
166 181
166 923
167 274
167 482
167 743
167 827
167 829
167 835
168 476
168 592
168 824
168 916
169 187
169 188
169 202
169 218
169 572
170 441
170 491
170 625
170 637
170 792
171 218
171 257
171 385
171 593
171 925
172 226
172 228
172 567
172 596
172 858
172 917
173 302
173 918
173 922
173 934
174 203
174 430
174 632
174 687
174 805
175 371
175 418
175 783
175 801
175 806
176 216
176 329
176 845
176 860
177 198
177 404
177 408
177 447
177 699
177 755
178 542
178 607
178 641
178 821
179 293
179 325
179 381
179 493
179 713
180 350
180 378
180 690
181 357
181 446
181 644
181 923
182 272
182 401
182 409
183 510
183 752
183 757
183 820
183 863
184 240
184 485
184 486
184 553
184 694
184 722
185 263
185 356
185 668
185 917
186 241
186 345
186 478
186 595
186 670
186 726
187 202
187 545
187 572
188 218
188 321
188 613
188 925
189 201
189 226
189 392
189 415
189 571
189 858
190 475
190 773
190 910
191 269
191 275
191 377
191 419
191 672
191 882
192 246
192 282
192 552
192 662
192 715
192 741
193 213
193 228
193 668
193 723
194 689
195 480
195 481
195 559
195 727
195 789
195 802
196 197
196 357
196 411
196 644
196 647
196 680
197 251
197 361
197 411
197 560
197 647
198 586
198 699
198 715
198 741
198 755
199 374
199 388
199 465
199 914
200 209
200 283
200 299
200 473
201 226
201 415
201 535
201 813
201 837
202 218
202 312
202 545
203 250
203 252
203 687
203 805
203 810
204 297
204 393
204 449
204 463
204 815
204 851
205 342
205 748
205 798
206 376
206 658
206 681
206 784
206 926
207 360
207 454
207 474
207 654
208 390
208 523
208 558
208 655
209 283
210 291
210 353
210 369
210 710
210 913
211 320
211 396
211 463
211 815
211 880
211 896
212 355
212 757
212 763
212 884
213 228
213 363
213 567
213 615
213 723
214 274
214 546
214 594
214 743
214 809
215 649
215 677
215 691
215 894
216 860
217 537
217 766
217 815
217 851
217 880
218 925
219 304
219 473
219 850
220 362
220 769
220 828
220 896
221 249
221 310
221 540
221 688
221 724
222 601
222 618
222 750
222 888
222 931
223 258
223 392
223 405
223 489
223 693
224 276
224 530
224 564
224 659
224 729
225 253
225 368
225 609
225 645
225 870
225 892
226 535
226 596
226 858
227 268
227 367
227 569
227 617
227 800
227 822
228 567
228 668
228 917
229 372
229 565
229 782
229 844
229 928
230 512
230 536
230 574
230 614
230 666
231 790
231 866
232 305
232 343
232 453
232 813
232 874
232 886
233 471
233 498
233 848
233 856
234 347
234 422
234 468
235 288
235 291
235 541
235 710
235 717
236 262
236 669
236 691
237 445
237 554
237 627
238 288
238 291
238 369
238 512
238 536
238 580
239 534
239 855
239 893
240 455
240 461
240 485
240 486
240 843
241 345
241 397
241 472
241 478
241 492
242 334
242 338
242 474
242 654
242 814
242 903
243 359
243 370
243 452
243 853
244 589
244 932
245 339
245 375
245 429
245 712
245 732
246 282
246 458
246 715
246 872
247 457
247 530
247 590
247 787
247 877
248 482
248 643
248 705
248 743
248 809
248 854
249 308
249 540
249 849
249 864
250 252
250 563
250 590
250 787
250 805
251 287
251 337
251 411
251 560
251 706
252 787
252 810
252 847
252 904
253 368
253 495
253 577
253 892
254 256
254 488
254 631
254 729
255 588
255 719
255 727
255 802
255 808
256 341
256 399
256 488
256 869
257 380
257 593
257 868
258 392
258 415
258 693
258 874
259 383
259 430
259 555
259 778
259 832
260 261
260 307
260 328
260 562
260 570
261 328
261 562
261 780
262 374
262 566
262 649
262 669
262 691
263 295
263 356
263 571
263 858
263 917
264 316
264 405
264 635
264 781
264 876
265 387
265 576
265 629
266 437
266 595
266 790
266 831
267 314
267 568
267 696
267 796
267 833
267 841
268 562
268 569
268 591
268 800
269 275
269 672
269 736
269 775
270 285
270 761
271 317
271 336
271 582
271 872
272 401
272 409
272 443
272 714
272 836
273 323
273 342
273 406
273 444
273 639
273 640
274 743
274 835
275 377
275 439
275 584
276 366
276 424
276 564
276 659
276 731
277 483
277 519
277 682
277 933
278 366
278 424
278 528
279 426
279 529
279 890
280 293
280 520
280 542
280 607
281 364
281 373
281 563
281 632
281 734
281 805
282 526
282 662
282 872
283 473
283 689
283 935
284 579
284 646
284 671
284 758
284 762
285 426
285 505
285 650
285 761
286 407
286 412
286 605
286 626
287 337
287 411
287 462
287 873
287 898
288 291
288 580
288 633
288 717
289 417
289 521
289 602
289 642
290 333
290 503
290 704
290 725
291 369
291 710
292 298
292 365
292 440
292 509
292 667
293 325
293 493
293 520
293 542
294 363
294 438
294 529
294 723
295 356
295 571
295 599
296 324
296 427
296 754
297 449
297 740
297 851
297 859
298 327
298 440
298 541
298 667
298 720
299 572
300 399
300 421
300 453
300 515
300 786
301 537
301 603
301 766
301 812
301 823
301 887
302 395
302 636
302 684
302 922
303 343
303 434
303 490
303 797
303 886
304 442
304 487
304 850
305 421
305 425
305 453
305 874
306 507
306 771
306 830
307 328
307 402
307 570
307 660
308 386
308 540
308 665
308 849
309 413
309 439
309 678
309 751
310 312
310 688
310 711
310 724
310 868
311 432
311 619
311 673
311 867
311 897
312 545
312 711
312 868
313 626
313 710
313 900
313 913
314 391
314 501
314 796
314 833
315 394
315 517
315 768
315 811
316 405
316 578
316 635
316 693
316 905
317 459
317 511
317 618
318 368
318 458
318 577
318 747
318 765
319 410
319 514
319 552
320 396
320 648
320 828
320 896
321 613
321 628
321 678
321 925
322 340
322 433
322 522
322 641
322 852
322 927
323 394
323 406
323 428
323 640
323 686
324 427
324 932
325 381
325 450
325 542
325 821
326 471
326 592
326 598
326 681
326 824
326 848
327 344
327 541
327 561
327 667
327 717
328 371
328 660
329 466
329 500
329 845
330 353
330 358
330 899
331 539
331 583
331 671
331 758
332 370
332 397
332 472
332 760
332 853
333 503
333 579
333 604
333 803
334 446
334 462
334 474
334 898
334 903
335 564
335 692
335 731
335 847
335 904
335 906
336 456
336 582
336 765
336 872
337 706
337 793
337 873
338 448
338 654
338 676
338 683
338 814
339 497
339 508
339 732
339 826
340 433
340 450
340 623
340 641
340 821
341 346
341 770
341 869
341 877
342 639
342 640
342 748
343 434
343 453
343 515
343 886
344 385
344 561
344 593
344 667
344 728
345 492
345 595
346 457
346 770
346 871
346 877
346 905
347 422
347 434
347 553
347 797
348 686
348 712
348 732
348 808
348 811
349 400
349 412
349 513
349 573
349 807
350 378
350 583
351 522
351 589
351 850
351 852
352 435
352 524
352 608
352 677
352 697
352 894
353 358
353 369
354 376
354 382
354 926
355 464
355 767
355 884
356 599
357 411
357 446
357 462
357 644
358 369
358 536
358 666
359 452
359 548
359 853
359 855
359 893
360 454
360 657
361 367
361 560
361 617
361 647
361 840
362 733
362 828
363 438
363 615
363 622
363 723
364 373
364 547
364 721
364 734
365 380
365 509
366 424
366 528
366 659
366 742
367 560
367 617
367 800
367 920
368 577
368 765
368 870
369 536
370 760
370 853
371 660
371 783
371 801
372 565
372 746
372 844
373 632
373 721
373 907
374 465
374 566
374 649
375 428
375 429
375 663
375 712
376 658
376 926
377 413
377 439
377 744
377 882
378 539
378 583
378 690
378 704
379 638
379 745
379 746
379 785
380 688
380 868
381 450
381 825
382 398
382 504
382 926
383 832
383 933
384 397
384 492
384 555
384 832
385 593
385 628
385 728
385 925
386 665
386 737
386 834
386 921
387 576
387 760
387 889
388 435
388 525
388 620
389 419
389 464
389 614
389 672
390 481
390 558
390 588
390 655
390 727
391 616
391 621
391 630
391 796
392 415
392 571
393 449
393 463
393 769
394 517
394 640
394 686
394 811
395 504
395 636
395 922
396 612
396 648
396 880
397 472
397 492
398 504
398 922
398 926
398 934
399 421
399 488
399 869
400 407
400 412
400 440
400 509
400 807
401 443
401 505
401 531
402 575
402 660
403 597
403 634
403 921
404 408
404 755
405 489
405 693
405 781
406 428
406 436
406 444
407 412
407 440
407 720
408 447
408 652
408 761
409 714
409 793
409 839
410 514
410 552
410 616
410 621
410 662
411 462
412 605
413 439
413 651
413 744
414 798
414 818
414 844
415 813
415 874
416 534
416 778
416 863
416 907
417 521
417 680
418 441
418 496
418 801
418 915
419 672
419 882
419 909
420 736
420 764
420 775
421 425
421 453
421 869
422 434
422 468
422 515
422 786
423 546
423 557
423 612
423 648
423 705
423 809
424 731
425 578
425 770
425 869
426 505
426 531
426 890
427 537
427 603
428 686
428 712
429 566
429 663
429 669
430 687
430 778
431 518
431 696
431 841
432 483
432 619
432 673
433 623
433 852
434 515
434 797
435 524
435 620
435 677
436 444
436 581
437 595
437 726
438 529
438 622
438 698
439 584
439 751
440 509
440 720
441 496
441 625
441 637
442 487
442 738
442 850
443 505
443 650
443 674
443 836
444 639
445 479
445 627
445 908
446 462
446 474
447 652
447 699
447 747
448 610
448 683
448 814
449 740
450 623
450 821
451 532
451 653
451 685
451 718
451 849
451 864
452 548
452 574
452 666
453 515
454 654
454 657
454 676
454 697
455 486
455 794
455 843
456 582
456 765
456 870
457 533
457 590
457 871
457 877
458 699
458 715
458 747
459 611
459 618
460 506
460 716
460 782
460 789
460 816
460 838
461 485
461 695
461 756
461 843
461 857
462 898
463 769
463 815
463 896
464 614
464 767
465 566
465 826
465 914
466 500
466 532
466 845
467 468
467 475
467 779
467 901
467 912
468 779
468 786
469 561
469 633
469 651
469 728
469 744
470 707
470 753
470 817
470 876
470 878
470 883
471 598
471 848
472 478
472 760
473 935
474 654
475 779
475 912
476 585
476 592
476 661
477 494
477 819
477 895
477 929
478 629
478 670
479 485
479 627
479 722
479 756
479 908
480 768
480 789
480 802
480 838
481 559
481 655
481 679
481 727
482 587
482 743
482 829
482 854
483 619
483 682
483 906
484 518
484 675
484 703
484 895
485 722
485 756
486 499
486 694
487 516
487 738
489 781
490 491
490 837
490 886
491 535
491 792
491 837
492 832
493 520
493 675
493 703
493 713
494 568
494 841
494 929
495 714
495 836
495 892
496 637
496 794
496 915
497 502
497 508
497 719
497 732
498 527
498 695
498 856
499 637
499 694
501 523
501 739
501 833
501 931
502 508
502 601
502 719
502 750
503 539
503 579
503 671
503 704
504 922
505 531
505 650
506 550
506 559
506 789
506 816
506 930
507 551
507 771
508 750
508 826
508 881
509 807
510 749
510 752
510 757
511 526
511 618
511 630
511 888
512 536
512 580
512 909
513 573
513 702
514 621
514 911
515 786
516 545
516 711
517 640
517 818
518 895
519 804
519 831
519 933
520 675
521 642
521 647
521 680
521 840
522 852
522 927
522 935
523 558
523 739
523 833
524 620
524 676
524 683
524 697
525 610
525 611
525 620
526 616
526 630
526 662
527 695
527 756
527 908
528 742
528 902
529 698
529 890
530 564
530 787
530 904
531 575
531 890
532 653
532 718
532 845
533 563
533 590
533 730
533 734
533 871
534 555
534 778
535 596
535 792
535 837
536 666
537 603
537 766
538 597
538 653
538 685
538 860
539 583
539 671
539 704
540 665
540 688
541 717
541 720
542 607
542 821
543 827
543 829
543 879
543 929
544 617
544 642
544 684
544 822
544 840
545 711
546 549
546 594
546 612
546 809
547 730
547 734
547 817
548 574
548 767
548 893
549 594
549 612
549 823
549 924
550 643
550 816
550 854
550 930
551 771
551 889
551 899
552 662
552 741
553 694
553 722
553 797
554 901
555 778
555 832
556 733
556 745
556 785
556 875
556 919
557 648
557 705
557 846
557 875
558 588
558 739
559 679
559 789
559 930
560 706
560 920
561 633
561 717
561 728
562 591
563 590
563 734
563 805
564 731
564 904
565 638
565 716
565 746
565 782
566 669
567 596
567 615
567 772
568 833
568 841
569 591
569 822
570 862
571 858
573 702
573 737
573 807
573 834
574 614
574 666
574 767
575 698
575 890
576 889
577 747
578 693
578 770
578 905
579 646
579 671
579 803
580 633
580 909
581 663
584 664
584 751
584 891
585 592
585 848
585 856
585 857
586 741
586 755
587 679
587 829
587 854
587 879
587 930
588 719
588 727
589 852
590 787
591 774
592 824
592 848
593 667
594 885
594 924
595 726
596 772
596 792
597 685
597 921
598 658
598 681
599 759
600 638
600 716
600 745
600 816
600 919
601 739
601 750
601 931
602 636
602 642
602 684
603 812
604 738
604 803
604 932
606 867
606 897
608 657
608 697
608 894
609 645
609 873
609 892
609 898
609 903
610 620
610 683
612 648
613 678
614 767
615 622
615 708
615 772
616 621
616 630
616 662
617 822
617 840
618 888
619 692
619 897
619 906
620 683
621 796
621 911
622 708
622 806
624 700
624 780
624 791
624 801
624 915
625 708
625 772
625 792
626 900
627 722
628 651
628 728
628 925
629 670
630 888
631 659
631 729
631 742
631 773
632 805
632 907
633 717
634 702
634 834
634 921
635 730
635 871
635 905
636 684
638 716
638 745
638 746
639 748
641 821
641 927
642 684
642 840
643 705
643 846
643 854
644 680
644 923
645 814
645 870
645 903
646 762
646 803
647 680
647 840
649 677
649 691
650 652
650 674
650 761
651 728
651 744
652 674
652 761
653 685
653 845
653 860
654 676
655 679
655 879
656 735
656 753
656 777
656 883
657 697
658 681
659 729
659 742
660 783
661 700
661 791
663 669
664 751
664 891
665 737
668 917
670 726
671 758
672 736
673 799
673 861
674 836
675 703
676 683
676 697
677 894
679 879
679 930
681 784
681 824
682 810
682 847
682 906
685 849
686 712
686 811
687 810
688 868
689 927
689 935
690 704
690 725
692 731
692 897
692 906
694 797
695 756
695 856
695 857
696 796
696 841
696 911
698 890
699 715
699 747
700 780
700 791
702 834
703 713
703 895
704 725
705 809
705 846
706 793
706 839
706 920
707 781
707 876
707 878
708 772
708 806
709 749
709 777
710 913
711 724
712 732
714 793
714 836
715 741
716 782
716 816
718 758
718 864
721 735
721 752
724 762
725 754
727 802
730 734
730 871
733 785
735 752
735 883
736 775
737 807
737 834
738 803
739 931
740 795
740 859
742 773
742 902
743 809
744 882
745 785
745 919
749 777
750 881
753 878
753 883
754 859
756 908
757 820
757 884
763 764
765 870
766 823
766 880
768 802
768 808
768 811
769 896
770 869
770 905
771 830
772 792
773 902
773 910
774 865
775 776
776 891
779 786
781 876
782 838
782 928
783 806
784 824
784 842
784 916
787 904
788 799
788 861
788 866
789 838
790 804
790 831
791 794
791 915
793 839
794 915
795 859
796 911
798 818
799 861
799 866
800 862
800 920
801 915
802 808
804 831
808 811
810 847
812 887
813 837
813 874
813 886
814 903
815 851
815 880
817 876
817 883
819 827
819 835
819 929
820 863
820 884
823 887
823 924
824 916
825 885
826 881
826 914
827 829
827 835
827 929
828 896
829 879
830 900
830 913
834 921
837 886
838 928
839 862
839 920
842 865
842 916
842 918
842 934
843 857
845 860
846 875
846 919
847 904
847 906
848 856
849 864
853 855
854 930
855 893
856 857
858 917
862 920
863 907
865 916
865 918
867 897
871 905
873 892
873 898
875 919
881 914
882 909
885 924
887 924
888 931
889 899
898 903
900 913
901 912
902 910
918 934
922 934
927 935
